1011000010000001
0100011001110111
0100011001101110
0110000000110111
1011000010000001
0100011001101110
0100011000000100
0110100000100000
0001110001100100
0110100000100001
0001110001100100
0110100000100010
0001110001100100
0110100000100011
0001110001100100
0110000000110100
0100010100010011
0100011000000101
0100011001101110
0110100000110100
0110100000100000
0001110001100100
0110100000100001
0001110001100100
0110100000100010
0001110001100100
0110100000100011
0100010100001000
0100011000101001
0100010100011111
1011000000000001
0100011001101110
0110100000110111
1011000000000001
0100011100111000
1011000010000001
0100011001110111
0100011001101110
0110000000110111
1011000010000001
0100011001101110
0110000000110010
1011000010000001
0100011001101110
0110000000110011
0100010100001111
0100011000000010
0100011001101110
0110100000110001
1011000000000001
0100011001101110
0110100000110000
0100010100001000
0100011000010001
0100010100000110
1011000000000001
0100011001101110
0110100000110111
1011000000000001
0100011100111000
1011000010000001
0001100001000000
1011000000000001
0100011101110000
1011111100000000
1011111100000000
1011111100000000
1011111100000000
